Instance: .\instances\qbf020	Population size: 100	Mutation rate: 1	Method: Default
125
2 3 4 9 11 14 15 16 19 
Best gen: 22	Total Number of generations: 11234

Instance: .\instances\qbf040	Population size: 100	Mutation rate: 1	Method: Default
366
1 2 4 7 9 11 14 15 18 19 21 23 24 25 26 31 32 33 34 36 
Best gen: 221	Total Number of generations: 11234

Instance: .\instances\qbf060	Population size: 100	Mutation rate: 1	Method: Default
508
2 3 4 13 14 16 17 19 24 26 27 29 30 33 35 38 42 43 44 49 51 54 55 56 59 
Best gen: 4097	Total Number of generations: 11234

Instance: .\instances\qbf080	Population size: 100	Mutation rate: 1	Method: Default
843
1 2 3 4 7 8 9 13 18 19 22 23 24 31 36 37 42 43 44 46 48 49 51 54 55 58 60 61 62 64 69 70 71 73 74 75 76 
Best gen: 6018	Total Number of generations: 11234

Instance: .\instances\qbf100	Population size: 100	Mutation rate: 1	Method: Default
1261
2 7 9 10 14 16 17 18 19 20 22 23 24 25 28 29 33 34 38 42 44 45 50 51 56 57 61 62 63 64 67 68 69 71 72 73 74 78 79 81 84 85 86 90 91 92 94 96 
Best gen: 5587	Total Number of generations: 11234

Instance: .\instances\qbf200	Population size: 100	Mutation rate: 1	Method: Default
3923
4 7 9 11 15 17 18 19 21 23 25 28 30 31 33 34 37 43 45 46 47 49 51 52 54 61 63 66 67 69 70 72 73 80 81 83 85 86 87 89 94 95 99 100 101 103 104 106 110 111 114 116 119 121 122 123 124 125 127 131 134 137 138 140 141 143 145 147 148 153 154 155 156 157 158 160 162 164 166 167 169 171 174 175 179 181 183 184 186 187 192 195 196 198 
Best gen: 10000	Total Number of generations: 11234

Instance: .\instances\qbf400	Population size: 100	Mutation rate: 1	Method: Default
11307
0 1 3 7 9 10 11 15 16 17 18 21 22 23 24 25 26 28 30 31 34 38 43 47 48 49 50 51 53 54 56 57 63 65 66 70 73 76 80 82 83 84 85 88 91 92 94 95 97 99 100 101 107 108 110 111 113 114 119 124 125 126 133 134 136 138 139 143 145 147 148 153 154 155 156 157 158 159 163 165 166 168 171 172 174 177 179 183 184 187 189 190 192 193 195 196 197 198 201 211 215 220 223 225 226 227 229 230 232 233 236 239 240 244 245 247 250 253 256 257 258 259 260 263 265 272 273 274 279 281 284 285 287 288 289 290 296 300 301 303 307 309 310 312 316 320 323 324 325 327 328 332 333 334 336 339 342 348 349 352 354 356 359 364 366 368 371 373 374 376 378 380 381 382 383 385 387 390 391 393 394 395 396 397 398 
Best gen: 5348	Total Number of generations: 5407
