120
0 1 2 4 8 9 12 14 16 18
Best gen: 161   Total Number of generations: 11234

Instance: .\instances\qbf040    Population size: 100    Mutation rate: 1        Method: Steady-state
366
1 2 4 7 9 11 14 15 18 19 21 23 24 25 26 31 32 33 34 36
Best gen: 1405  Total Number of generations: 11234

Instance: .\instances\qbf060    Population size: 100    Mutation rate: 1        Method: Steady-state
487
2 3 4 11 16 17 18 22 23 24 26 27 28 29 30 33 34 35 38 42 44 45 49 51 53 55 56 59
Best gen: 1498  Total Number of generations: 11234

Instance: .\instances\qbf080    Population size: 100    Mutation rate: 1        Method: Steady-state
812
1 2 3 4 5 8 9 10 11 12 13 18 19 22 24 27 29 31 37 42 43 44 46 48 51 54 57 58 60 62 70 71 73 75
Best gen: 2934  Total Number of generations: 11234

Instance: .\instances\qbf100    Population size: 100    Mutation rate: 1        Method: Steady-state
1046
2 7 9 10 14 17 18 22 23 24 28 29 31 33 34 38 39 40 42 44 51 52 56 59 62 63 64 69 71 72 73 74 78 81 90 95 96
Best gen: 2497  Total Number of generations: 11234

Instance: .\instances\qbf200    Population size: 100    Mutation rate: 1        Method: Steady-state
3619
3 4 6 7 8 10 11 12 13 15 16 19 21 23 25 26 29 30 31 40 43 45 46 47 48 49 51 52 54 55 56 58 60 61 63 67 68 69 73 77 80 81 85 92 93 95 99 100 101 102 104 106 108 110 111 113 114 115 117 121 122 123 124 125 126 132 134 138 140 145 147 148 152 153 154 155 157 158 159 160 162 166 170 172 173 174 175 176 181 184 190 195 196 198
Best gen: 7069  Total Number of generations: 11234

Instance: .\instances\qbf400    Population size: 100    Mutation rate: 1        Method: Steady-state
10988
1 4 7 8 9 15 16 17 18 19 21 22 23 25 28 29 30 31 34 38 42 43 47 48 49 50 51 53 54 56 58 61 62 63 66 67 69 70 72 73 74 80 81 82 84 85 87 88 91 92 94 95 97 99 100 101 102 107 108 110 111 114 117 119 121 124 125 133 139 141 145 147 148 151 152 153 154 155 156 157 158 159 160 162 163 164 165 166 168 171 172 174 177 179 183 187 190 192 193 195 196 208 209 211 215 216 220 221 223 224 226 227 228 229 230 231 232 234 236 237 239 240 244 245 246 247 250 259 260 263 265 266 274 285 286 288 289 293 294 296 300 303 304 306 308 309 310 312 316 319 323 324 325 327 328 332 333 336 338 339 342 347 348 350 351 352 354 356 359 360 361 365 366 368 370 371 373 376 377 378 380 381 382 383 385 386 387 389 390 393 394 397 398
Best gen: 11183 Total Number of generations: 11234