Instance: .\instances\qbf020	Population size: 150	Mutation rate: 1	Method: Default
125
2 3 4 9 11 14 15 16 19 
Best gen: 14	Total Number of generations: 11234

Instance: .\instances\qbf040	Population size: 150	Mutation rate: 1	Method: Default
366
1 2 4 7 9 11 14 15 18 19 21 23 24 25 26 31 32 33 34 36 
Best gen: 215	Total Number of generations: 11234

Instance: .\instances\qbf060	Population size: 150	Mutation rate: 1	Method: Default
508
2 3 4 13 14 16 17 19 24 26 27 29 30 33 35 38 42 43 44 49 51 54 55 56 59 
Best gen: 455	Total Number of generations: 11234

Instance: .\instances\qbf080	Population size: 150	Mutation rate: 1	Method: Default
851
1 2 3 4 7 8 13 18 19 21 22 24 31 37 42 43 44 46 47 48 49 50 51 52 54 55 58 60 61 62 64 71 73 74 75 76 
Best gen: 9619	Total Number of generations: 11234

Instance: .\instances\qbf100    Population size: 150    Mutation rate: 1        Method: Default
1263
2 7 9 10 14 16 17 18 19 20 22 23 25 28 29 33 34 38 42 44 45 50 51 56 57 61 62 63 64 67 68 69 71 72 73 74 78 79 84 85 86 90 91 92 94 96
Best gen: 3827  Total Number of generations: 11234

Instance: .\instances\qbf200    Population size: 150    Mutation rate: 1        Method: Default
3948
1 4 7 8 9 13 15 16 17 19 21 23 25 28 29 30 31 33 34 37 39 40 45 47 49 51 52 54 61 63 67 68 69 70 72 73 77 80 81 83 85 86 87 93 94 99 100 101 103 104
106 108 110 114 115 117 119 121 123 125 129 131 132 133 134 137 138 141 144 145 147 148 150 152 153 154 155 157 158 160 165 166 167 171 172 173 174 175 180 181 183 184 192 195 196 198
Best gen: 8468  Total Number of generations: 11234

Instance: .\instances\qbf400    Population size: 150    Mutation rate: 1        Method: Default
11115
1 2 3 4 7 9 10 11 12 15 16 17 18 20 23 24 25 28 30 31 38 47 48 49 50 51 53 54 58 62 63 65 67 68 70 73 77 80 81 82 83 84 85 87 91 92 94 95 96 99 100 102 103 104 108 111 113 114 119 121 123 125 132 133 134 136 139 140 143 145 148 152 154 155 156 157 158 159 160 162 164 166 167 170 172 174 177 179 180 183 184 190 191 192 193 195 199 200 201 211 215 216 221 223 225 226 228 229 230 231 236 239 241 242 245 246 247 250 253 258 259 261 262 263 265 277 278 281 282 285 288 289 291 293 296 299 300 303 304 306 307 309 310 316 317 320 323 324 325 327 328 329 332 336 338 339 342 350 352 354 360 361 365
366 368 370 371 375 376 377 378 380 381 382 383 384 385 386 387 389 391 393 394 395 398
Best gen: 4726  Total Number of generations: 5231
